9.975839628950886606e-01 -2.331912338904899851e-02 4.900161905879507791e-03 -7.860109522146638966e-03 -1.372352878939396168e-03 3.801622398634535265e-03 -2.326308073901798331e-04 1.822337995457955044e-03 -5.593645462504267477e-04 -2.761728646841032746e-03
1.770569810048124026e-02 9.949763089038031749e-01 4.169944014641287916e-02 -4.526418331297047564e-04 -5.328571865442213382e-03 3.481074243003649555e-03 1.991630224586768763e-03 1.198821965234807274e-02 1.201621652912479229e-03 2.376981693292679141e-03
4.574699224516360144e-03 -3.097929170881209837e-02 9.867101694287296887e-01 5.219848144739395318e-02 8.700770210716026257e-03 -1.625159526773553922e-02 7.199507770781768878e-04 -1.255658304735811706e-02 1.024302775473795099e-02 -1.681889469848646098e-03
9.186464086676128168e-03 -1.216257546404280257e-02 -4.892463189951777591e-02 9.786192770674106978e-01 -4.041888914412158224e-02 7.460915792834662760e-03 3.280542787007192929e-02 3.023273600144232159e-02 7.095392008914489651e-03 2.781087308382854464e-02
-8.709632413790806662e-04 1.685299072920016074e-03 -6.612733402261320803e-04 3.824235480267735438e-02 9.782971347044694399e-01 1.941556400794722526e-01 -2.501601163566722491e-02 2.752881168356371630e-02 -6.559300897793479863e-03 -8.824483112027697168e-03
-1.210149409079199542e-03 2.822868744018163564e-03 1.023048821400701983e-02 -3.472227440958841962e-03 -1.866456427112087590e-01 9.786046801425039021e-01 6.197743618933376254e-03 -6.229128714857047611e-02 -1.919408617025344585e-02 1.195785860766178594e-03
6.813070323041559061e-04 -2.382636377517994338e-03 -2.546779994847788234e-03 -3.130145936307784926e-02 1.559299922617144243e-02 8.410358111811471263e-03 9.796426958959583153e-01 1.810613204512243335e-01 -2.446898877356782145e-03 -3.746278813485467291e-02
5.053281575318518265e-03 -9.189898357884241503e-03 -6.344048257171113966e-03 -3.594828725526848928e-02 -2.654343823239759328e-02 5.036034938095412111e-02 -1.764194384765438439e-01 9.678719341331711856e-01 5.336438261541569944e-02 6.964142874333958955e-02
-8.569870228941673827e-04 8.459165607367667488e-04 -2.435734987158806250e-03 -2.395980647274073994e-03 1.893213322643539634e-03 1.326276326449608856e-02 1.165936076437049627e-02 -4.949309545315606212e-02 9.943737387690568807e-01 6.531216250509054577e-02
2.290129212017874734e-03 -2.404294349660879206e-03 -4.277213754970525528e-03 -2.335893182621909606e-02 1.031468982754161351e-02 -1.514168833479124241e-03 3.809419444598098614e-02 -6.151913473895697509e-02 -6.658406387817740468e-02 9.880218403750299361e-01
