-2.736884305802193149e-22
4.922053831405454605e-01
2.561424123917537821e-01
2.313510606452308660e-01
-2.230691751282120328e-01
-1.000000000000000000e+00
-1.000000000000000000e+00
-7.633258763004017178e-01
-3.939975522136274222e-02
6.715666122722380171e-01
1.000000000000000000e+00
1.000000000000000000e+00
9.815646523978679427e-01
2.211653586110992331e-01
-2.083424170697524558e-01
-1.000000000000000000e+00
-1.000000000000000000e+00
-1.000000000000000000e+00
-9.525790929342882185e-01
1.367690331640450049e-02
1.000000000000000000e+00
1.000000000000000000e+00
9.399372796599628765e-01
4.228755320989059374e-01
1.230257108424381851e-02
-5.740322030204042525e-01
-1.203904980851808193e-01
-6.069352898964261445e-02
9.187560121240291588e-02
-2.335673082647502993e-02
-1.188286950522881441e-01
-3.635246059249384876e-02
-1.165334300839228898e-01
-3.033007179049043711e-02
3.346427933359672618e-02
-6.171509602535985017e-02
-2.399117528294228974e-01
-3.018481583813892866e-01
-2.393110426115765965e-01
2.634401503948482961e-03
5.171897938489008473e-01
2.063124395399218991e-01
3.809656495301928791e-02
-2.320985542678741589e-02
7.764100799022785604e-02
-9.353764553170218488e-02
-3.049328487374516339e-01
-5.761904438482090551e-01
-6.477027849583607555e-01
-4.626265538960898649e-01
